wallet_address,max_count,sig
0x13C0DabEb938c21524C59CDc40BCB6fDB3618754,17,0x98e4f82c5e8d87810e8544734e50e9c36d8af81fe4e8fd10298e0df9f6c82be96710075c54c548989ab7a2ebe2206bd04884a43df15a1ff4103ef38dcf960b9c1b
0x3F1a6E4E483aC29693A10B0Cf52Ad0a6087cb49A,17,0x586be95f5e83ffb49a0d1f1bed9d968ac9bc6f21740a9bbd04eccb1504107e417d6761a1dadfc9086bd9d185850fc6ebb75c8503661941ad81a1ad56e2d506951c
0x59B29f3F3DA678994358348E7a5a0D6ebb075C8B,17,0x3b028f67291350f955369551993e5a2e4e31abe35cfa5174be58cb549b4fef37186bf0e7d1dc82bb26ad8c62e70ab847686bdeb7fcd5d9682a9129afb6c6d9481c
0x259F962e77262eE8d97cc6a112D0E0321323ea0d,17,0xe3eeba3c6eb2f6748f33b5f9964979f34b2dcea53262c4aff20f238d626255aa4a2544db4960a8dedf8fef06d0e4e46c1d9620ff3f5ac48af78972cb8324db7c1c
0x02dB03D2C1781eb08bcBc0AA2986874e828eC1De,17,0x5436d7b1cec1d1c1134f99c1b871879a297f5a45807cc2f69ec6b241ea0baa11025a486a0dadb8a53a91b38d6d9f513a8a1b920dba9ab7785385d14719ac0c2b1c
0x4fB497570ff3d6d3939dC3FCe10DAFdD08beF4c2,17,0x70e50137711ee6a683db9cfae72f0a9f572f0532b6458f439a6cd96aab0bb08972f07f45b0850df0f637986afa4091959f058c75774caccfdeefef7f0dd6d16f1c
0xE528D09B200349403ed4f469D39341f74835b4fe,17,0xaaaabdaa3ac4fe0dea7953ca134e7126a4a413e1a4f2642ed24952e475a2eda51ad9a94c19c0754e4c82c187fcf93a7625cfeabc0cf13c8d87abcc38a4853bca1c
0xbddb4D3fC6f4cd5aabf491F8C47eBC76eFB9eF08,17,0xd8213f5798ed09c929f42713e6a09455f7b50ef111dfcc97a1cd884176f4a7557d5db4b333f98e93a80c6454b912ec212abafb36a03fa6df87561b7a21d8812f1b
0xdA73D6D0349f1cB7c62F6E887a3815A5D620BBB3,17,0xc2cfa2be000b8cb17cf51ab502b42fe65935a87a2bdb207d95eff6b655a7c6176808b92fdf5378091963a01bcc38e9f78e19d5d21e986acc6de0f18748094c2b1c
0x04c4a90801d1ef5aE8576A0A5bDd8EEAb362a644,17,0x3dd1570e709215e95258f056ec7e3a1a567f7960fc6fe209796fa6f7d9d5dccb13478d11e22b4002f1f045f5e251dcbc6253a22e40c18e15177beb41eed31bfa1b
0x78aaDc87018D5e04dEDd5EDf08be131ef4FFB392,17,0x5bb6781ae84e2b6be2a162df6050cef94f6d0d7d64956dd90e78ba47e37c0ec018668999f6c65b60d69fe11ac7e7bdd9d16d24fe6aa21364ada7447afeecd7031b
0xA249C97C2991E72A799c303DF47Fe65B281003B4,17,0xd49fc1f145aa74fe21678cd04bc4568d2f0e59362d03c216503cc0d778f7a3ca4c3c9cd1ba973a1942b973703c79fcd51a4e1dd7853ac6b2ac2bb9c15b1c20db1c
0x995eda609AfBFEE89832274009D0fc95DCd62373,17,0x21bd3046f4fc2c9633136b0cdbd02ce89b98f724763ea9d4738f401ccdcb98c77e33465c71410e055fa0c885bd7a9c1ff44948c55e449edf7c232e6e69534c791b
0x77E1b087378d0A12Ba3769D46A983A8AE2E61e69,17,0xd02e5ae43e355495c736f661511c8da34754ad8e0ca9b50bd30124594555afa46e3474769270a617f087f2649769bd96eb04bc73526c9b46a43db5ac084b1bae1c
0x006C0a5aFF8a9489235AD7b876e17DDa0F216794,17,0x943ad061953aa2f10e33ccf10a792cd24f2b3a78ace56ef79970e3aec6c328831e43a955e10ed795b6133858ef0af4a60c9fcacacfbae5fb67064ef9001716fc1b
0xA9E866eabc47E27d17CaBcD7A90b5e46Dcc9EF21,17,0x0c9ed35701d6abe24989905ad7261f2cb114a202388aab1600a2a7eb97e74ee53adcca3a408ff962c2041fb3440a151305a683d34a74cdbc8eb5af424b896cfc1b
0x573F8A18c8EAeB1Ecc26571e9C50ac8c840681C5,17,0x89515d59a3a956db6aa4570499deb1f36ab51e54a6209878f72b913507c603b8184728c958f1c2f33012a739f496ddb9804df11d4c20158b188f8c1f4bc60ebb1b
0xa5a320D97d58943EB44c7F6f702148bc5F77d378,17,0xa14bf7abe53fcea63cbf092dd99300539f3682555c13bd1ff3aa0ae571304b4d2fe1d34ff10c520cc619a529964ccf680745f3ec3a01f3d00fb8cb9bd26f9d591c
0xfB758f1C0150a1E36Fe6eF7C6259BBEa23d5807c,17,0xb32f8a6aa43829e1e363751d72237c5665dba409684299f2d886410795f306e83d44cb8ed369277ae3f27637022d1ba5a3b681211b54a6db6d45cf2feb502fbc1b
0xC5E445A16B490e35E4eD3d4ecdC17130e59107BE,17,0x74c751dbabc6e6fbfd2ac75466532be5a916a281139de22a7eca87c0bf61742c475b35774b0ccf585619ac12cae4a3f98196a0a02b12118d4a5c66c3c23a62b41c
0x808c57Db190FD8228130A7fC8a172b1997B9cF5F,17,0x09bb090fa81610d0e94a66b2aafbe2fcb3dca115ebccc104e6370a3c9edc50fd6af55bd937501c20b82576e86c8669f938811dc9a7eafafe5e6f4ccd267328841c
0x406bb3E8d272c8d56b1AF09a24d972c90D01f5Bd,17,0xb57bc8e8ce294f61384be520680f66ea543c8c006bb2a2e9b11cdcdb1600e2252b35478e6e67f290fbfe6801a9820eead8cc5014e0b41343341318b30a1080671c
0x6edaCC0FB9461486Be2314Ac5882d41F5d465936,17,0x47836791038fc42dedccece0b8b6a9734646e0ea428e5bf4b7493cf5fd3af3ee0a13a1244c7aeead475e8f2a2653a9eccbce5026497deff89ef1baa931e677c11c
0xa75325cda466B4bD94eeCB21ffB858598EbB5d09,17,0xfd94469bdb72532ec626ee7052925b3edac82c065d4d7346aa72b54f66079f032f8c86684cd3fdcb1ef58e46d5dcf0ab23d63cfe39f3ab2f415ef350773223e31c
0x2359613BD2aeEc09b740573B1107B392006AF98A,17,0x7e83daa7f0fa1509eb201b94df5f3d162ae36a3ecf01dae88393ea20d00977da051abd6ed7f2aabee634cb918778e2357a96d67f2c0d2f70d324eb7a3207d2971c
0xaaa5084635E1DDA9ca023d64495B00469fA15F9f,17,0xf3802dfc54c58ebfc6a59b931897795d97f2156b986a10c12f1a93a94abed2413f5ca35c516ec7838d50ee791b054d9794213bb894daeb501d5a87e3b13517971b
0xaf68d7887074963722888a91362d0D542F29Dea3,17,0x1e98aa959c27cb24f86d9193c121300aa2c7dcfe952c1d7094bf3475811634962eb08f3fa77c63c5272ea66b458ae0490bb00cb3049e6299eefc3d68f6e5059f1c
0xEBE326d8De3413F8132518dcFd45e6cBFf7E5c27,17,0x8e87298125716aec716eb3e38c96e1ee41b8baf30bd6c8b83b6cd8fefbc014e6411f5383a089d0a14d9476bc09f2ec7cdb820ae0959b3b427e035ef82e4917091b
0xEb457CFcd88665984BBEb5eae8EE5f8B5Cb0bb34,17,0x11f29ed077a3d5813d57b86bdeae5736cef97af60860bb222c025bc29818035423c3a5abe58349a03ac68e6e8747e6ddc97acfb7b156e51d121ebdc6506b92111b
0xbE57786cf1944300A587DDa6e60e121FD0b39A9d,17,0x393ff56f8fa84e2f4ca9b96a0cf08b945ba3931f1ffb2d0c5ec31255affd8e643ea538a21a87e29576045533f5f56abdc0b86c479eeacda7791db5c497c236131b
0xa30dC515d0E4787604EB738A1344CE8345008Fe6,17,0x6ba166ee2ecae188143ad0f6d25f6353668ae959ebc9ba84f1ad3a0c4f40bc49616a7ac1f44f17d05f7ed8ebb1d0325628fa92d256d2d54dcef898945bcd55ae1c
0xb7b78C45036D5a089Ff85d39a0e0836037D1Dc52,17,0xfe9eefcc6e4c0c54d86bfb8ef4f74db64261450fd67c72c69b7a07be10853a6d29fef5080d74a6eac7d3b1a37d5a300dafcef69245456dbade8c713bf922aa5e1c
0xfF5876F4F17C85FbCff2Bc038b5CD6cEdd8c6d19,17,0xab81757b32c25da5809a67777204ece62ed0a155bd42a2f9477ce93fddaea03d08b7941c9818d798f34a6c148410a6fb4ebe28f782e71851225ab201b8c859cc1c
0xbBa3331619C90D4f6Dbb6d87c4be81CD5e9Cad0e,17,0xad34477dbe2b58f4916d8a1a275a773caccecf5e0e8a2db5fc79f3c9215766fc309a6e8375e4632f7e3985ffaae0afbdb7dfea23c0edfc4ccc86d8b1b09361991c
0x0667cDBdf5C103d10f246B5Ee4De01f95DF0B6BF,17,0xda283480959599b39889d82f5711be60f9dcaf3515c3901fd603e5be63edac2405ff9f076a5d34d1ace514f9607b4f889230c64b06205105b69320909cec41601c
0x6D7E44513A1Ab97D32853691eC4333C1B5Cb1470,17,0x2a63b49a21c7d3edd3aa8a09ec331aeeb31745298dad1dcec2d432249ced834b119a9afeb5a8ae29b528958c3715f7a5d0e149f7d7c370b63ffbe042939af94d1c
0xe9542261B56644bEFc3012f5DEf19d2a7ee1F52A,17,0xd5aec5259f084103198145f6683c2fec915fd3e6a20e29d7323e8da076dce6555730d8ac80fdb2498eadf54225ca6c1602d8f47f813c3a61d6773185e14424221c
0xbFba8146C89fF3C80C0330C7E2cAFBE43e44A304,17,0x8b3a286dbec59b7662d3166b3a8525c6f2dd4cb21a4af7ec9356dbd077df4a8713404e2c451ed262b89a074ab36c2bd88dd232e94176de435a89805ab82dd8f51b
0x69d015C9Bd2DA888C75018b0279ec4748E03213D,17,0x45dbc4fecde4bddc43cb11678639c8a5f91c0868189e4cd4b3b11afa84715081306cf50d6f26944436ee9c1a73ef8f9acd6e7a8b32ff8d5e296e21498cc718861c
0xE1C49BEca9cf0489426F53e914F1D98987866Ee1,17,0xb86851be590656091fd475e122b6c374c858d24b5c7d01437b89df9b3c82d59f10ecbde37ee387286f1bcf9673a20841a9e7d192d35934766b2b2a69a04070cc1c
0x69B53D2c6e208121A63CE741E2ae95cFF34B050e,17,0xa889c38c8087b11894ce5effdf2973f50d9a8174b3c4beab4e59275e3b9818fb471c0a8d7ab5669548e89876b855d513e2bda2a2d4e013f61013086792fad3cb1b
0x2C725f5A937Ae1A26bfdE8d2E69D51e4CaaA58D4,17,0x52f2ea7bd56e058c38fac0a304c96644f7bddc29165cdaf65e428cd726b19d6c51acbfcdd227111a86bfc0e7c4deee4bc662133d9db4720e7707e967a731237d1b
0x839271EF8feBA0466CEA5cfae4DAA991c3435E91,17,0x7ecdbd3c0b6e15c478e72b94f47145a3eae3e148cb9a7cce3740c3b839a0845876424e8b043b62c84bbc2f9049f743de5e966e1d1a9f2ae7853d0d9435a1f4b51b
0xd722Ba52b8b256C075849f765274816057a86619,17,0xda6eaf102f3dd0c820cf22e1006d7d929e0af89144d54cd0425da4a603153b90634799957074f3f3c7d050fe5aa15bb3ce94be50aa44c08c08768cd6c29d09c31b
0xc1a6BE17BEf9C2BdF58d1786320c60Af15C63A07,17,0xe9adb95946884abb46309ec75940873ea46f705211e7266cec85d7f7ddcb9c9f663b06b975589faa0bcca02fa1a2fb90c79763bf3bb57791e8a86b3ec54e0c701b
0xc0a90aC089fc39B8E00a68e02089B8EB23A210AC,17,0x0f06807f24a4736addb6ef815f7aaa0129460724424ed9639365988115d888607742cf59d7846cc831c527f0666cf0b8a853b32bca73d7f472bae35ba99800ad1b
0x2e6878299f162a1105552407aE88C68176647535,17,0x7ccf654be361e8e1a386a140d195c309461d4646132a966ebad967b5b3e9aec203dc865a30e5aaef8addc6f1949324ea13db48f842796af0f7e2e935def747531c
0x6d2A53C89547d11a45D6e6Db942092cb437d83e8,17,0x0257e93ba67fdc678883b425aab8dc79b758fa2607c58649f4fa0fffa7488e3a77d99e155839bccfdffd1a7d114022b0644964a9aad9b46c3ed12b6f627cf9631b
0x5Cb242cd85AAB3BB7827b7b2F478deD31ea05eAB,17,0xa17258e0e72162bd9749a6d1d73fa401ddf8decbaaeac4688d0381bdb9f719562d9a5400441021639a12b89307c56708c263760990b1f17183c5925f124c4b831b
0x76b248a527DD35adf876A21D9bCc93e82237eCB6,17,0x23adfdd3714756b2722118135e27e030a30634f1b267ce8e8b0b238367cb224b02dcb27cc60bd4efb856af9a0b46629e3da7cc31e1d007ee83aa46eb8a71d3221b
0x7d00D8579549FCBe8a3296342042a178408F82F7,17,0xaa1c0596ad5bb77a0a05794829b5ad31b0d2a66de752fb3f0e71cd2921b106441161902fefecd4c4327057f200076d15e0e7208627e2a0f9c77197df77e6da531b
0xda61D2F4843C2060050648D321574434A1e63BaA,17,0x82b1b89bc6ba549248da87253c7e226b94dd0e8eea2a314cdac4d8518a1105b337b787d19c3c954b29708a15867653798a0c353b8f800a953c08b33ff18b6c101b
0x39e0f19cD234bE3A73BD1Ff43d6a42A3719292A6,17,0xd4787b9d4ed1428ccfc30ebcef57665abb264d0710a391388313a14448af6b5e41cdbd0a723bf0da3b256fda5fe3eeb31adbc960314620099afcdda9ced794b11b
0xc0652bD8F342Adc325D591ade684AA47B24EB374,17,0x4f503aae83c371067e240818b0576de6c4d75a68a6a2a2428e84a4fc383a2ead4c09ef8506de387d30dd1858c53827678c46e36548f2708485780e8a1e980f161b
0x32C60Bf76818ff92453025f30DD21a7E44b709FA,17,0xb1ace9be7c4f34a00e7047e463a562ccbe9581fcc812344b1b0530d11233605a2fa30038745da81c729cf46065a23b69da412d4a38bd720d181731241fef1f741b
0x5B6AaFDDE4C6c7d0D8F470360F028e3E00Ce7aBa,17,0xe520035429244fcde4166bf39c842903fe385d3593d7cd7eb312bc5382df8d7a3e725294d73e6f396df6c2b07b56e003027a2a5fa267492c6496e36b2e197dab1c
0xc04f311382ACA5deDDE1A17176BA52Ee853B6Ea5,17,0x0e5e500494007fd90f338abc5ba0acb5a6750595da0864a85d4b0e99af4f6ff9720f69d9fb648b82bb71d005c21a44d614b44c286ac4c3ee2f0dc1a7b58d69731c
0x32d287863Df725bF768bA08BB14ed78aF1808171,17,0xc1d75e7c8641a8bfb0fcf996a48f6243a261fef5a4293fc9f6e889bb9451272e69ed6b449477a663e38fe8821d48cb9fb87ca5be2210af53920f91b6487ef7841b
0xd87ef60F58EaE333aDE038EfeD843289e5ea2558,17,0x8e5149e7989e9e42a742376c7aa6b4c635ac1ac956cd69800cfc700e760670f426f4879731fc1231fe26f8e226e6be38bf8c6d4d6a22cf20a424d494d73c749c1b
0x50077C891980dc66ADc7D0f1ec6894E2cDa8e769,17,0x3e41a07a391ff82cb15ddc283f2474936352be4a3ef854b6b6809306fbd933c061f4dd4e88ac60ae6f9985b6d869416df14e0966b3026bef1ac5e73b64a0aba41c
0x42f34449209059717e6C48eD0110783A7df82abF,17,0x42d177210bf87ac47c2a43e40e902033ec20fc1d237fa19dae116aa54eb06390727ab05ba573f0973cf4bf49f9016768905be0565bc786150274cb81e3479a951c
0x144acf8e4414B8665DC58ba05d24800E21239644,17,0x337387ac0b59b3ceaab153ed26ad42d8f9865064e3a72dc0b8afa86ab302f10a5b249dfbff1d742121c75427fe1c723e1ccb45f3b89e7354ce0866417f0e25d01c
0x0451cEc1400A847bD7ceE58d24e8bf33a862Bfe7,17,0x6242caa2ddb557100e34ec98cc324857fab5d71f92abb713d9d2a9d5224ef939327411569abbcaef4d748f9b7c8e866d63ddc1639247292d0c1ea19f3578550f1c
0xA2AAE162E987C34bA34F94e913c74D05F73769F1,17,0xa396d9ea1067ea4cc11e642b8f5a5eabf61ba942293c0eb56f503c5200ad4e0d376a12227cc6d752418de4711b0611457e98353f85662e72102a8cfff7f856971c
0xc2e54856b0F02E52299573dfd7F4971b275b17a9,17,0x5589ea0565393ac3e944c65211046c02570be92c719577554ce644c1155fcac94b37a8368c1a3e1ab9b65f9f096bb571f39c02217b42e591d69c09da7fbaec061b
0x48E93C5234fa8EF01B8B2ee10ED9C5B50b3c4aA8,17,0x2ddd7a286032f2e51a406ae75c152526339783c21b4f7fa045f80d7e838f244f59746567eb7abb4bf090a88e5a42c347e0e80cc1205c962cfcbec35d03347af61b
0xc36074cC84C5F0BFcf5aDaC560bD50134CA2D389,17,0x30b678483df8328f8e416c57de6a5e24662eaf172dd1443217a052f76e5a0372645d2689dbf6a4a3a00891c9c5b15b7934e76037cd88e78aec13e2478862d2e21b
0x58d34c95b5D65B2968F65A228D8E6FB55738153C,17,0xd62471897bcdc777e36329a1a1efaea590484dc072753ee4eb2988f641701040565f8f4a35f5ddb7e8bf0cc802272a39769b2e62e787d1890dabef5a42d364be1b
0x5aAfe76e2f781684F8305709203eEcDe42646a94,17,0x8c3b6d7224390feab18cf5030b162d66fab2349b7119f17ed5fb1bc063940b665e495ce3ca9a8d4a82fbc2fdb8a80a53d1d0f582f5d6c3ef0426c3d536cd6fca1b
0x331C5db26401cc329e007E57d4b4FC34AC3568F9,17,0xd4be8af830e61f433e62f5dbebf38f1de780ada62a88f335b6832d442dc90ea82409b5e16367fd0ff4605620f16ea6c1f3479ba9d2e2bc3cb97a1f40d70434461b
0x9441e690788B01b660E8d00Eb09f007fe8C84B71,17,0x6474f026598b9ee015dbf51603ed78d0c0c97f49bea05efd4a6b4dfe587c30a10c3ccac24851070459ef497dcdc9a9676f33d5f8ff2af50cc3b31526dd780b771c
0x1F263b1c621f1304F7Ec57101e06BCbB954B6038,17,0xcdfaf3810dfb9d9680b29651732207d8c335f72810e4c09cae871f34998b7c5f731a8401545a991c16a435269c05f200258081c9e1fad96b709d9f771519b6321c
0x143fBf7DAbD04E377a5Ff1BF9b7C10ed30357aDe,17,0xe50ff5ef061b7d4a4075262331ca2bac4825c2c1aa54b89b331a6fbb98efe78e0cc436d8df5addad9c7377d1b8dda9a9575e46e7ae17a764aebb596e1c5768921c
0x1dB2D789E97D630eA00aC645ae6EA03bE59D1410,17,0x0c6428483a0f037d29014316d04fd8f6b9d9fc124952a045dcfa45f44fd6709f0528563be76b7c1f410ecd5f6d24942e97dbd6b49e6a754129fbd5a53bfcc3331c
0x7B531479f2d82c25322C516e1eeEeaF1D50d516a,17,0xddbf6796f96372fcab536445991338cc99e753dc723fad5092019389b966d1464b02467f536a8c1d553d20cab83e68c699fcd6817d9daf51d2402c50040a55d41c
0xF8010cD13c4dEfD7D43BB72cDe7fa6Fefc682220,17,0xe5164e42a65eaaebd3ff2f87a5ed133d32270f55f5d8d5abd2a097a756cd5abd3f6d042ae63f23554f7065459a8494f0c6fbc3a51a40a387ce4024d0ff788a0e1b
0x197A779294518717E21d0f34615d9972b04EA315,17,0x10ea31160ece9866c960999996cae937b2f17e08d8828c7985a3f6770ce69c752ca03adaf3370754e908643859a54ed620561e1fbe36a94d35a9685845aad77d1b
0x1Fe4A8d8054D8e2EAdc9A3c550eF7D520E360879,17,0xeb0a6879b09d14b38ba8c40d7659e71f6d963b5c8996b06aac44ed1772a49c707bf6436d6eaa75d486d79df716835647d4ba6580007a8218be5ce4dfe05ef75e1b
0x878DaaE5F689AA78e8A7ac74Df10B16c030d8c22,17,0x5bff46e9f93f3241679dc88d7a557b6a474c2f10a5fcf313f5885e68ea54fa436374553a80ac63e8dd4377e5446c35f1609ced75b742417d3deb0120d4dc6f8d1b
0xecb71aF37bcD92E3d316FE8092546ED6Ee49d147,17,0x3685c4e27670f36b6a7321355ed331fdfb2367144221649ed30a9a3fd9023c522b91e87cdfbe3af2e967b02b3fd600d6abcfc626ef085df6b71cda75385a337b1b
0x8740e0313b8fDf926FA5BB1a53E19787263d720c,17,0xe6d075b8c19f005098c78fdec92581cf18d7ad17fa769297894c1ac06f46fe8f10d4bae1901ebed637c5710194aeab4daf6135f2069018b25d30b991fa7094b91b
0x2D5dF5b83B4F6075529D3a7657E8054752D86084,17,0x8f5451dd3ef7d2da91a37f6a968559ffbb3fa2e47ce9b5e0f74559605daedae14fda0e70d7453afd021295f041d3b6ade7dfad064d5a159680bb3d663eda51001b
0x7c0D2f1EB3dC2Cc21d6118789D26f2Db09311b1d,17,0x196df0969fc85fa266d7708bc2b2a359f6e0bb6a1bfe70a5cf1b275cecf791aa611b3ec92a50a3528fd2bdcc34142295b592e5e05c38fae68836fb01907c30241b
0x0C425E21171d16721922167F326FD26F9e429951,17,0x64e020e72965d942670825c6492e4b91da7787ef1018e18f4d62a40d9360e13e5a5d4167ba9fe5ad87eb93e170feeb5352d56d1169a0c13c1c9486e342fcb4eb1b
0x219f6f804f192c4Cc2c372A51f719353cF73140A,17,0x581073c0c7eda080be107601947a48c6157c620743d82d07678a365da2a4ddf12af5dbca8a479d111b843079f2bcd4e6f5aab12923d5a4b28aaa1e9125ba44671b
0x8EAF995E3CD60ffFC3C32c51A86f718471585B60,17,0xa25105ce307eab5ec709ab993e05b249a4fc81560a222a7dd96d11a8054efd5b0818e6d0069e6b3c0b16706a10edce77b28df4a832fd80c10963a4ad7364de671b
0xdAC9D7912544471c9aa0264aaE1BE192a511A530,17,0x782de81ca99921e14de1a3da8be6ea66e18eb889c507aef525aeea933d0e94ee2c2d080b780c9812cc1b22c6e1b16aefcf15584d124a9dcd32dab265581e03b61c
0x234910fA2ff8a90ed3305D5632cAB4190Fc2F2F1,17,0x99e59e9be8f7a45ceb418bb9602ca8757ff570fce532275e3524d08ac10df8d5207bff6af7c6a304c5a951bb24004dadfce4e67c33dcc42aaa3a00614fcf10c01c
0x9d565283AF75393a5E40D993bB66D3f4FFD027bE,17,0xd02ffcdc4dfd7eeb8fb19a07556e7cd327667574fda3971fc811bc84cc93ec711ad39e04d71777d68429645501044e7c6bc21bd8ab2f920ed95729c061812c081c
0x967eA8b9a5dC2dD29bb004c85d228796D501D5D9,17,0xa921843a458bdbbb75d8c01732f475dfa539ce14280c2ae5fc8856a5f18cc3a3075fd3abc7f917cfe907552f232c7a350f40a602cbe41539574800baea99f5851b
0x80770de9E714ba7D82d7cB5218979D175f0eA8F2,17,0x9f7c3d0e0241a5da82850bdf416c31981868029e875c5ea78f9f07aae9ba710d665b600542caede7b3f99b763eab1d4be2356a5a15959aa8faeb25ed7610b0611c
0xD90d5C7a6ebB19B45959CD622367E4Be0985a05C,17,0x14cc7507569a97c2e4ad6fca00c2fe38781c677a0741d19f903371c7c569c57d00090b45486e91e3b1f1999f491d4b6a7783df47d9bcd3bbb937361fe990823c1c
0x253FfC0E96b75d536F3145f699D59D3bb3EC62f7,17,0x051d4308db0d5e91fa37fe6b5ae6430d99d714251d6d303c301a45804189c6c377620a088bba47aeb43cf0677bfb77312f856af197ba2bce04f0762a27cb16f81b
0xcA02E986775b42e8CCf3C7C72aa0E9516534d777,17,0x27c8092c7c5cfdcb0845a54bfdc719ba11b8578c7bf86b2b0e5f1c7728ece3a05897b2ee753ef532e447911a9fe92eb9cf5e89d312d3c4b81c5ef1b2cbcb59281b
0x3981590Da98e14D6aae61389da91E67A3b989e8B,17,0x2bd7d6c01594d7e1926ff4d6694738bbb81ae293015f233dc70b414c29c4ee5d6241a6cdbc3f781b2fa17b3bd856b9f5031c7e5bdd271ed80da39330152a742b1c
0x88ABA5541C3c05926246b75F85fa45ebCDD2B040,17,0xd1bc181ae7d903972200c60460dc06bdc8b6cec33538c0d082de591dfeafddc97ac40f0c95b539000f4b37781b6df1fd6daf66c62381c99cfe5da702f409efe41b
0x2C053da177fC0B87f87D812a643f3205E79E16eA,17,0xedbd239d72c7b1a89c697f9e1f2d51bc589ce6c808cf73b44d308b42e5fd581e5deeb4436ad9033e1d385345498505177efd6213b886ae0d366baec8973e84611b
0xe9b00AC079cCa4350c5B36c6992b7412F991113e,17,0xd6ddc1f3d96fd90d8e28c25128641d35e56145e2f0031692cc0d2c6f162b299b04ecfc4b8722c75692e9b5fec5689c84863516c724095ac6494a0435dffcc5301b
0xb550adB2e2d39D02e9f3A4B85237AB303666230d,17,0xa6862caebef3e32c8204de90d238c933b26c5ef05f195f5c06418359f8cdd4a66a0566a8772fa0bf8a1324633ff20371565fd18bf1cb58787f8e50e3674b26461c
0xD02BeB784332442d9a1eBCaff0e1C6b9Ae8E6D17,17,0x1a2009628a74b5cfbd00342244e95cc93f94496a195863b2554e5221fff840917ae41755306bc947a854bf21cda873c2fb9505bfe47eeedc353a71bd41747fd91c
0x86E9E298E268367311b76f6B5E4B775DfE705cf0,17,0x574fda3b7bbf9c6bcb8d38511bd424239d8eb0e3dd41ab0e691863afa19688d534137116635209eedfafba8ad8855be971709d8f6e736e67e37c97e3947cac941c
0x37BcD0BAd623D8A6bE1E5d80097c87Da3F23C0Eb,17,0x1b9fe19e3ea4d13624c10a91bfa2d3d272b4891e23a1841bee72e45b93065f1778cf3b732fe26ca5cc960bb91f9a806db6f26f10aef458080b5fb990d83eeeb51c
0x34Cdf14Ba087397C2B3C69e8461b6010a67604f4,17,0x40cd6c32683804884fe7394c2857db57b37ea96630859450f802ebdcc2e1cf3560b5eda06f46e820e5264758eaf31681bd3e34ce4cbf6a463a62d78c24d642741b
0xb604F3b93882dFaEDc878154cea9892f78e0Ea45,17,0x5a9faabba02667c88d5350e64d489e4e341b495ccc183dc088efb5a1f875e51f2896061bf3471179ffae3f13dc7c3044d922eea6d79c1eabfbe460b0fd8a15641b
0xc62050DF8eE2c666B069D01D3e2057633f462F9F,17,0xa5bdabf66fc4096106e2494196c5160601378e01e726f8df5a09252daee35f4b530e706490a068fa63e13e9d8b2811136beeea6fab9d8cb5cd4035bb69bcbe701b
0x917100FDA4bA7fCc2cFAE724515F65Ff5220e499,17,0xab390233086d60570d9fd4ad30eace6d68b43bfaa2a61d50d95406b3a18caba24bc6cac26cc497235a94ce2c1c222536b19d30769c7b048ddbee6000b26929451b
0x1ECBa37CAa0ECdd05dafcEc632C465b0C9698F69,17,0xbd8274f2550760d003ee58360129dd4c7771e1031f7093a2668eeda9a5a81c8766b22a70494a7b91efe66d9cecdcb2ab600b7a8fcdd932584f746eed5b3275a91b
0x83382aBe52F7FB6C268963D667B7F949b7179033,17,0xa7c30d154f1e22c1f91f8d666034778a5109f0e0664d33b80226b2508c7c2528352157c70cce0ae3a8ed17794f43bba729823a714d131d87d075af273a554db11c
0xC626010A7Ceff18f20c75FeF7B6Ecda351a41bBa,17,0x9408413507c60ea9f9362f584867f214459902f4ef3030aeaa1d79403feae22e44756abe1e11c2c8dc99d9e7cd167930d5e987d5ac25167b6746c45761f4e0751b
0xAae91476E243640821E41c41F89cd939E8c9727F,17,0x2571833e30f8ee0a5a9f48ba2f3a3facf31274b6a04ec2998d25895c298618b0057777d2287b85cd4cc3baa1f8d6ff77497e6d91c35c6c57c4babd804be7322f1c
0x525F10E1A3a91e924cfb239c51E8ed955fFf2325,17,0xdbfac929de8916f48b9ee0a768484f246b0a59c519c4c63a59b30f7aaccf7a5b77f32485dc8c7abf0681996386ae0ab8c6cfca9b18c86f97f7e8302eebcd73181b
0x5828EcbA6057dE39dA53b5fab9B27114AaAe8541,17,0x6fc8056a38526544db00ef58d21ca921f7ef3c8b89d1336d8b0a1a4e8964a45b59681c5297f8dbecf277d0a17271beb2d1fea4f463707fbc0fe3c7335f57d78a1c
0x7A272ea947D5D1E069C4F7f094fcC32CE8601542,17,0x9a31d0508ad6b97cd99380ae2fb40624d657829604a6cea266bf5b50f1d692df6db99f9bd5430485a5e6491955ad2f8eb87fee145e31b4bb11e15afdff36ef221b
0xF9Ad71C3715b12f3Fc70E8e9F3a105AC2438F3D0,17,0x79e84a0a415c1c58e2ad7ac3f527ade3b0c911471ec78024d459cdf5e4a9207e102e374702417b6eb4a05aa6663a27362832d5cfdc3d1ddc7d70b922976018b11c
0xBF841aD16d607dea63C71e709A7064296f80547D,17,0xe916ad31608888cc00f843f44510d80d5c95193ff7861737e373441c5bc38fa062da394cda2b222328eb0f5bcfb91c79ebd01454348f40cb68b7afb19fedf8561c
0x74E07F212364d9BBAeC1CaA821e8E04E4C8Ccb30,17,0xb29937e94fa6ad4743b4fc860ae0591820e930eda6db9cbe75bdd77af378928d4122b8320272aaaa02732ec757deaed344b8321846e40e29d176c84295d2a95e1c
0xdC7617d4224FcD303d1c9C1504dCdCa67CF06bE2,17,0x77917d79b28c0248a353f2cd419f1f780a6de6381d9b6c48752d5888443f229849512b260720e25955814a20284074fb413ae97f2d9dc04b7f58068f4f1f20681b
0x9E8Ff0723232604De00637b3E50f7cb066cb2525,17,0x926f8428df69c80360beb823ff564c2409b79c9037e7b3963c35ef5c77e0093f131b0c36fa55dec54ee1a8b70cde39ebb122dc6620bf3857a56579060557f8751c
0xc37223575De6591e6Ecbc7887258ECFc6C39748a,17,0x43c1bba30d992b364da25faab138b534321a60d84834873af161c74e20d0b43f0f17d629bf9999551b6ef85b5ce282e2ac38759dabf12c0092212b4cfb8b52651c
0x00b07dB99D634c6AA70910781Acf3A095E5d420c,17,0x7ea5d1e01e46cb5e4ff4704121fcba6bed7ff20b96f2083e22ba3fe95f4ca3452ff0844eaac6562e15a53fbe9ac946caa35cbacecdbb84436449fd02b04443351c
0x6C9f6Efc15B85A50F9E7641955B4a6E724E480d0,17,0x8cb111cd2381461a3a8d74ff9a2273dfa7cb2992b3e775cdafdc5b32c1a92b322959359cf5c0288d88395d50d1056c05443993342403892a7ba58a95e87c69301b
0xAa3f3e46C89F2a60814243327d5B974d794e39c9,17,0xfa2203e35ec90dd6a5554e026dc971125d6d20c9f64ccd49931404ee46cd3939623cded5e86de6d305cf76613832052866fc0cd9f7ec1ab4ed7ad3f07fc1d8f91c
0x600b1184F6b0c739256E7B579f209f06D2B6678C,17,0x9e6d111b3d4139b2a469df63b798906e196ab4d5e90dfb35754e74de39617ed64c4e456bb4c791ad803e47c93d57c22e6f759060b3ff33487f4942bbe127de6b1b
0xF5a40A74bF78150b41177FBf7476d395900d28d6,17,0x86a8bc701d2f79293125b18c6d3513b2609a3fc76ecfdbaee2efed3bb6b247577473ac92ce183ac1eb899e6d36ecd02cad6639480b3bebc8b03261f3c839e3941c
0x41eFA9d9BE0D63bA41dc1843fDCE01d9b9e5Ba8C,17,0x70ca55ded8fa04989b5773fd07383f37324536c84b1dd48aaf1b8eddebbdce8b416ced53714b8917db23ac50441cb16a1cc6122f7f503a91b743b4bdf2bd08181c
0x1761826a92B8a5AbF3E8e0a677cCE3d31D6A7518,17,0x0de409d67e169a21e48f86ac8c7b3df20dbb57c7be1e2d60bdd5a7b6b472c65605f140a61eb948feb2a3115aa7b340792d2618d210d5cc0106f5d27614b4bc571b
0x332F0CD85E151583Bfe890d1Fb16eAfDE46cf6b5,17,0x0cd51e89afdae590c97f60b6e126c2bc3dc6bcd4ff496993ef36e1800b37eeec6abe8cfd611550afdc130375566c8effc8c377533d33e26d9012642f420f57081b
0xfDD9847e8Ebb0EcB4C8990d5a2B5eb5D0B1CD561,17,0x1a019efe94031f790678120922f7f46d42aac45f9eef57a0c695016800d335ee01cca0656956fc03607ddf2c157a8015c40902b88eecd36d3f64580cb2438fa91c
0xb29950d15EEca1caADdb11D8485EabaF533e8ddb,17,0xe31681defb3bd6176a869b3741d15a57158d6118b4e281e93d1bf9e71ca615ca5292942949177b58bae711541ac3f82685b3302a17e133634a175df6bec232c21c
0x81663DBfDa87f188675408Ae11464681AA74F10B,17,0x1c56e0df5a74d2143d33acda4153743971a5d1b454774a2c28f30190c2839074665bc6e73f39c0b4a3b96cb02e6614a637771df5172f85a39e8a6a4162baf84f1b
0xb7F296FE3B08Da98D224fbb663d3fa25150A8EEA,17,0x8abd36832a8b296727aa195b9832e07485d516c57b3f75dab450fc653ca2185d6e87886a90fe6bb7e839ae7d9f33d3f09ae3609c595f0d3474ab28858f2851f81b
0xFd67b6D32a4767AC19E04b6f96cC7F92CaD0a8fb,17,0x1c084cbf6b98c7d36d6d185cbb2d27e2c7508578fffe78e41c7773dec82e53e71b06687a289df11b9acbaa87b3affa0c23d4cdda194683db26b263cd8a01a5031b
0xa50F7b61a2136294B269dEdBb334d22024105c50,17,0x1aae9c7007357e156d39c0bc11834968fdbe0ee9b7ed55fa93976d22436c307a02ed5940024a6de646b2761d52d12a4bb6b5692934f8efabbcafd9c4b48340191b
0x4d68F5B345C7C6c14130088945c1f7A9F2Ba5012,17,0xacb1de57895222e9bcfbdfd06f830d34934afbc501a3b6847b5e52e0e43712301304c33ef4dd6157c1ee7605b12a193795df711de28f7043847ca184271b1ec41b
0xBb372b06AaeeF2a869D4519c92658a2a6A493c07,17,0xf8ad673d32e1f353cd9a0f39cd1f9063781e2da73f6627bbb116ef5cd00e87db41297c1d8c06278e284e6ca098e42721fea919d14c038cf103510963034ddade1b
0x6c76E0AD8589dbB8C6CfaAa1cF5276b36E98bFbB,17,0xf7e707865ee966a489f9708ab96716375382ce62bba22215e46e0d72098d4515208e3ec0843dcbeec75a084c7ca36cb45d626507c4fd025c6043d2bda42c627c1c
0x12eD7D4b66f563772D2D76688ef69314e85b8720,17,0x37a2d6e3eff6ab1ee2df716932fcbb66aba552572be0fc060391f1a0ff17dfa5370159df7dd4d2a4258318e064933ec85ee42ec2563ba9f9a4ef96d3355e59bc1c
0xA410886946E30Cb96119f332Bc9914de4e333A4B,17,0x1f1c404d57deff809cdaef142273719b4a29d8e8cedfb316c9827774d6177f4f267599a497114b1075f4515e86e234b698c6470e5d76c3787659434079d4a2f41c
0x0DcfD797B0A89653Cf96C7C508F3FA6E7c779866,17,0x8517d086cd4692ec06af542b8661779272274bddfa80f66bfcc4ddf962cc3a0d526500586d2174b1ad90379e611f00adc6da36f950f4e80cbe4bb939cfe5468d1c
0x3176C121C85047B02EaAc9d2C57aaD621132b749,17,0x2e70d376bdf31152e424e07bf9214e45680617317564c9495affdce75fbbc22e36514d821944cf066694a4e3b4a5601b459b1805a572699b4c1f4c15c0e7ae1b1c
0x6296eA3F69B9C3B3cbb2E56b27F261F66F149EE6,17,0x125423d8c7d41dd8a543fd6a3a228272fcb8fbe8760b2edb612a25c1c12e33247e8890ad4ae14200127e345ddd06f323e8148ccac795e8f081e48937ec12a5e31b
0x433A73742042Dd5D81265a1f9Ede73281EA531ef,17,0x6329754b2de560ce06078688f9155efef486dbf0493d9747ba108e6a3628b9016bb4160d995b0d5889ba1afead734d53187663b7fee9057ae4a983c0148150731b
0x9aAf542fffADCE1d35CEaEa2AfdEe02625Ffd313,17,0x9d4550a7ebf772bfd7e37e82687ced127935cbbce5710d3a929257cb9d5177c2382cf2f0297f7294aae466a0793c5582baef9a33325263e53273a4ae37da8bc41b
0x987A32c5363c4671cf9524B49d50d7095BF235a4,17,0xc042bd7638205cb6fce74126000c5e48152269faae06d8b2307cdba521ea7ba27a926a85f23569fd43f26feeb724d76d00758d4391eb2179db61ec96d628fc881b
0xB22d22c7e82D234C6af2295E98839104a6c99878,17,0xf74d2e5df4df87e287e1bf21640f66a00b82645d9ed1c736c4a8e2f624b982d4360784163b3478dfed8b39bb499e91b243763060785a439aff1ddaa35f22c80f1c
0x5f8Eb4B8b62cDb438Dd74ca12a2C3aF84Ebd3F52,17,0x2abceb87facc59873b3822ce49f960c6ab29220dc1cec5deae90b41a8f19f2bf4c952dac638fecb99a567727a0a5037a6db1a0ae206b200489df25978c54c5731b
0x9997f84fAe704aAC1E6FD4043Cb20341e7B2500e,17,0xe5cf226a4f73b56ef8df06337b06a05c53fcb3497c1094dce435c0c494d32ddb0bbbb73830dcc9cf157e90052d08cc351d68287dd501de7dc64a5c21b76ddb251c
0x5a4CF14dA64d0EE9F80202C0299860A77128d31f,17,0xaa90d1f81bd551098fe9e09bde296be5982aca394bd085e875588f9a8fc3e6a33658dfeed0fda7946eb0f08ab8d1b62cbf8940957e9e517fe992e7a035158a871b
0xbb5E2efab4bEDDC7071bAAfc023A54D8bf7da614,17,0xf89d26549a6aa357b8ba48b9c241c01c30de8782e7141768906186296bf46a97170dbd996512f52d062969ed778b21d148c7a0de6c179b29244d17b2880952a31b
0xf04E0608E5f619B9241a46E3C8000F95907E5A68,17,0x6a1db6acacfa00424bd8763ce5da0f541169d811e647fe09c223c32847625c0a39e97d095d7253d658a42884b45cd751b9b1b0a1502cfab8370b5622c6850b621b
0xDB4808D83Ac009e903741D2F39De6E63209f3df2,17,0x4fd671cb38721eef09251a4712ef2f7c132b47878826e529da527b882e0186754799f43665e20fe405b28e382db39f28be42960e0eed1c19768e95081d1b0f3a1c
0x603AC13b057b562bb65C357B23F13D23A858D3d9,17,0x598213c1aa6cdcbb608b8ceada247d0a15a57d13638b17c7f73266e5096df8cd50d4c41848ef5a827885514d6c3f7c8df96e3ea8158f2a47243eb14a552156671b
0x9D9F83e77cad7a524830fb2Ee27b97C5E5CafF6d,17,0x5cd45e4130cff8d2ef0da6fe16ed9a6541c551bd05361dd6039ea052e7e35b3c1157d5e66ba9484ada2ee73c0af6f3911364e89aec314104bca67204a448e59c1c
0xdE5C933e0A5Fe0b7332FE5281a11420873d82D1a,17,0x40760f9f872ddd4dcf8fb790b736f7fbc785c2c307892f4b178bc2b1f9da7fe061c672178941df3439cae96c8f9225f52745f93728634486966514816cd6016a1b
0x5450e02ae67cbF741F285e5EC0F194518eF496fC,17,0xa2f54cc6421b5efb7e8d407563e811fc51118fff28d093cd97ccebade5929192358d2f393cc2f25a7205bcda2379cac4f27bebbe493998ae42bd65fe0a6e34071c
0x7Efbcb80C47514a78Cdf167f8D0eed3d8a1D7a00,17,0x646840ab8f6871ba19fe4521b5514ad1dc4f7df42aefdad4417a426fcdd7efd74d24eb14ff7fe6c666a7402f3b8910d1651acdfa7b11a20eeb76a6ad192b261b1b
0x0222301B1d5e29c1FaaD673B789ddD795f554b9b,17,0x48e1795d177c875a2648a941674c30a8705ff44075ec3c7fe0100f79c7967c0103bbbb05db22c8db30426433fed1b01210315d9746bacb6b6a9bd4fc8f6250781c
0x73AcFd530FC4173Dc2Bdea8b99cf76b08D23a662,17,0xdbf052bdce2275fc9005ba96e71c776b8b8850bb8593d0da02b5538f6c7e337e5fb02a7c2e1d0c68e6220f19073d751dae865df1ad8e6d9391d1f4b9bcbc74471c
0xBbd13811Be4BfEdDD53359D8C65CabcEBcCD635A,17,0xa661cfc857c151416297a55aa686b95f2e406e4f686aacd5edcc40e1154ca74542ad23fa7d3b0bbd073f5bb0bd6fb0ccabc712b612ddc388371865f997cdba6f1c
0x08e47c6AFCa7B79ed7B0389fce05554607B6023e,17,0xc2d21527ba8c1f0b1334b2590d9a1c1b835c3e5421dcc91441a7e95cc401fc3c3bddef66c2afa60031d6cb16747919652decfd4ee9d9779e03b8bd6ccdeb7d1b1c
0xcAA6e272FFC22e36D376ab531a25f38c72bb4818,17,0xfdbb0457ec7a893293b31f20f9bfcb10071b2c679a16ae7d90a3e807416010220f22045ac877e9d605bd8aedccd35db0effd21c3ac4935a831fb8d27f7dfa3051c
0x4BEFC4E555b65f7E05380B8A0Bb0d3F479da701c,17,0xd10058efcd9f8d50809d8c7f43c9ee1cb4dc05581c0bcabf2d9fa23ecffa65f169ddf1c021f7a7b8edf684ca818e5cf0138365994f08ae26cf9dd5caefefe5d11c
0x4bCb9Eff208b27C0F8405FA757506D88A611f833,17,0x6674a1c2bb04367c580004c1d76ccb30bc5671fd8f13a0be09680bd9c036e70e24013dda3615e8d830563720e882170c848ba6319eb666b93858e07e3c9c0df11c
0x838A243970738Cc7aC84d9efD00759F1AAA1c01f,17,0x1d138202f77de5317a3a8b396df3e094911b3ee779a10cb9ea1ab91f013991c820c92c69f29dce2b92ee458e02bff386bcb816c870dc442749458cfc4da304381c
0xc1fEe88d20C357C284730994C65e50253828A947,17,0x474215f06ccbfa13c9895a2dfb1c70d53fd7276c017ca88072972f07a2fe775c0ab686dced9e6ef8bdaeb142a6b71d639595e9f6d1db44f31b7821a978900d141b
0x5ccE6f0963CeF55BCbc13297f0CE49836f535846,17,0x8aef3c45a881995161a9f87cb4a5e3cab25123ad6fb2c1ba307f0145c5e859d82992304875e1126e99b0c93073da9a7ecc1ab42e2e5df0e7e0f08a3adee20ea71c
0x368753E88f4677a529a17083F9044d476493ecbB,17,0x390b7adf15ec54d339390e7d386fe344596295cb3e4dc441055d9513dffa862b2429c65b351694e056643f6549484a92bf7133ba5c4c4ff6d7391e161ee006911c
0x0DC87bbf42209D22ea7C6F6Be2bE4d3b4283aE73,17,0xd0652fe16c5076a54329752f8dc5a329e77e4b8117aa1613e9b5cecc50eae8021b5f60e96ecbd30f5b75d3ca4a521fc9a30dab8e580e92da251166245a8f74751b
0xc423d45a8F627769b274B77FF6438361344508b3,17,0x78163c47f2322bd9fa6c9a18d52b138a118730d7ee180816390137ec5b1a6d1045ff6ba1d1f4c3617e5e0fa1a3bd17a1cc60c404e621641a185e885407f9f26d1c
0x4363B7cF657bD202aDeBeC72c607F0E74099589b,17,0xd144fce58dd6a5d811b93dc9fbbcc1934573ba538c0886f4a27a87ce2927773c4477e64c0327d84c54d7efaffce0b386f492b090b2f1ebd7d954486e637a830a1b
0x5d58772BA15d73156ccAfbf7AF1283b2B74Bb320,17,0xfbd46d95fab4798db00d66d617081fa98651b6c72d3016de0a04a2b85660281d643b635cec76d5953d7b06aee12d118c08593fdc0c2bfb30c02322f28845097c1c
0x3c248EFA1AEc026E96EC5bAC2d08308021954A8D,17,0x9164dfa50d3ca11a10fb68614d2eb8d52b82d6c22dfd49227edabb03f6cf92616ebd908da1782b864fca24d45b226d8cffaa4fd1b9720c37e8738224bd021b8f1b
0x155A6f119F8AEa19eF7A916e3E44E7E68265C727,17,0x5241efc884d2c6da956874471a7143186534f7e87c8b57f5e857a51048ffd7e7161f26abd7170d2375a7ee1647b1be8e82a210e3e6ed36e6dec7e65c9d6540c51b
0xCF26dff751c89Ccad7A9b54A78758d9AEB7144C0,17,0x5ceda30135e80230754149e1fd683c035db282b20560bdc2f568c7e7f37708786fafa4399cbc49cfac8d5181eae5a7e05caeb3e82542aa165469c4b220f1d4f41b
0x7342A1fB391e8e5E2256a374D98B084962C99415,17,0x5bf14452a1e915afd2a9d989900923a20cbc59dcbac9bca7054582657ecd67b767011d79e9b5db63241d27133efe4f7aa82ece5cb7357d397224e5148b10825b1c
0x28d604a4205549Ea2510d03f2aDDc673DEd2187f,17,0x404a789d685388750460a94a69d8cd61bbab06ff54ed70207f546f780cb1ef352ec80a7a6a01dad8a2d68764827cefea33768decfb7f2c3f25fd7694ea6eb5bf1b
0x1898407783F57187cca8A115506935d6478c3CaA,17,0xeae449e58ca6469ee345633dbeeeede57f9b9b5cf6093b5f5d1856350e863811424308955806560f0a51f9c5ec0522011f6b1cdbd61d9c9dd62ec0d38e4eea221c
0xE6A17A41AEB7047Fc8ACe8b59bc9bb944E3A262e,17,0xd04f8f3618bd6fa7d7125d1dee190324a05371805a4920005a366a25255738834fe28900b380adaca736411736571052dc24278433ece6c42c88dc5887337ce81b
0x58C9eD705EF84025eC67a6666Ae1B5dd9A6c17CA,17,0x8a0a2c5a8d1b9fd2788676e53f39e6b5e4e19396e0ac91c606dc71d5dec12c6f68bf2ac45695a30011c3f31e3b7cd7db111e8d1464acccf0d08ca8d21406284c1c
0xbB9d024E14fD10f44777011F24aE3D68eA2B3D71,17,0xe7276579dbff84152f3a70f32aad937cbf7cd17df976375e39addaaa600697422d132fff66375eadfc6fdc3a774851037a268b37a0bc14a742d50826f0d4c1801b
0x3dF00391bea3ba987D1c77432B6E6dfe87E95633,17,0x7c53e0944f8449eb9412084e324f21ce2e1c252bd060f40f9bc85ce686e4f8c163e74ce2867cbab95206d90955684f7232d109b677bd7d72d12e992e3d5157a11c
0x5Dc64F624DD23e40fe7D399d47BB7b3F313562e2,17,0x190f5ba6b98a18f4d23ccd90873a6df2e68c52ce5344677c5184d5b253dd161c4683ec4ac8a1612196ee7b9cdea3fc7dcaaaed59c94e3bd88e72f8f5aee238181c
0x8F5b53FEac17a52675CEb0a77cA1Bd622A1aFC77,17,0x267d02c00de6997f2294102dd57e87a93dce39f22528d38c4363c2d2fce7ea8e6d5a0849ab2e3a91b0622266127ddd2e8eb60a3e56fd7469172190e59c08932b1b
0xAaB889e0184A5354e48a4E6A9BA05766240a7575,17,0x4bb197290c81337ef68451d50871969f45489d2671708564597c4453c1c03c95651a175777499d0c259c7dbc66c09cf8e30c659645f1f327c92b8a2df4eaf2f51b
0xc93e2c4C70eb2a2C10150596d00bFe91dE91f2fF,17,0x3f836f775fdfc1d13d8f72f6308275f6bd8957d2dd727a84f2288c423e415fed48190f2072be44e38164d68bef9a6188a82beca28fbcf88e775244f5d5d711481c
0x8E41F4Ebc25725372523C9fF8862Bb26bCC5CD6a,17,0x464db2d95eb85a0e0962ade36081deab1719d81ed1866ef5dcc333bfa86923c535efc34d30d0652e4c32ec8eac42f49396a83e225438c4a83130c04249aac7c11b
0xDf017DD1Cfe144009eBB3fd311dFdBAAd41E3618,17,0x53fc49a63261237d4e7767f1f143fb6679b36c94c6e7a7d9cd20d630e50fa1dd3b0ea4be21954474b7a9e517f617ed6c9bd823734f6f27413b340095923b24ce1c
0x45ccDF54105aDE03865e95E49dC099d94c2EFEF2,17,0xc4ec7fdee8cd25ec6c4fa866aed460dd6ac3e6339292d38f8212105b74f5603f2971fb5dc34b0145516648f914e317beecc23b2ce3e8879d7f690fa56fa619ca1b
0x9c2F59d48EF790D140F44737EcD0Efd022599666,17,0x0a6b755d428cab398f239356a1fec6511510f5c65275d98e958233521007815668ff7e412b45063f0642ef40e117beace6b2045dd07ea79c9c6c011d02ab3af31b
0xf2826eA516BB8d26D4bF4240a3A37841c53DCa72,17,0xc8ab57686cf5da63d0b3d1ec71cd376fa112791e3901cda6c9f2ae65dd4e2f680a39fb552f5871c215be912fd994227c057a60d03be73876c582e54daa544d2c1c
0x01C0cDd9F051EcF9ae9Cf541c317deCa7A473193,17,0xee2cc8349074b1f262de79f818397be4dd7545de1225cce30e079950c941a435650871007007eb6a6b2e54cc33c81cdddbaff0813698e86f3d09ebe19207531f1b
0x8B3B89A7BbDA2f22A59A13eDF73695B7AE437F86,17,0x6e3433de1511ece69bca6312905244c532fe275654c72c8c3a271374e671073d234c5e1a940699b0dd5e535e844c05f6d510e1e278478af7581205b69e6d971d1c
0xA4036081f80d3b29047633dF47098Aa87D044F52,17,0xa37ad7065baf54bb0ed8208c6fa91de96ac6fbb845ca5a3f389e5c03d1d42fff31b7c0f6904558a662844d9dd76af4abf1b9a2cb924b5bec2ce68d695cb560a21b
0x7aafaff095e89642dceA9f99B820aF3613fdFD2e,17,0x0854808dc38499fc27284d17731ec46d14ef2cc387b50ff0b16500cb050173be5bbc5505a5a11ecb6de6b7dc8926cc7d63642f972f879d9051ccb1596ea8d9061c
0x276EF882f5d318c7cfDfA0E0a2bffd5Ef865294b,17,0x4fa039f2563d4d2c2ab6fc162649e12bedea7f6d5eed4eeae0255fcfc532eeb66412b0136fb0d3ec4a1c1bd09a7ba4f71802a3ec7c1c18f02c73c6839c3703d11b
0x1E2Ed1d506661000192670c5e34d32DB790aE47C,17,0xcd16c224b8f9b0a2f01c48f3ec0bae5c39cff4ddfab66a423d26bbe8017bd6290f750bbfb5539cdb5e02a3ed3cdb3f76f9a3ac47db72fce15da5ff02905244601c
0x320a7C91548A342a05D7a6bD9A1F3A476Fb34acc,17,0xa1acf5ff1568632673f18fd416cdc438bbc6213b936d8e7f3da4d197b687941548a1ea0697583dd5318da069e261332fc98ac4b78ed184aa05a52c7baf7ca3b81c
0x3c635e5131Da264090cCdbA861CB45cE06cd2941,17,0x355c0cb92a53538fc44dd5da463874a0eb2b36237e01ab89a5ac5eb418f6603f752cf8504b5791251564a33ef8b86605acf8352bfd395257ccaf94fe83fb06fa1b
0x91fa2B0f83e3c8cB75Ce279D628402C86011f39b,17,0x06a66798191cd89f2c46dbb63124416651fa830547fa212ccc71f0545cf0518d46dc6d93587aa3debd685e6df8be2f2699c5a5f4b932c3ee99e59894b427d9481c
0x1EADC21E3404ff1eb6492410d1dd01322D2ca4E3,17,0xd43c6d58cec4d382b8d6a256468e998b981fba356fce40b59d3836a40b1a00a231c5cf0bde3add23a780086d8250861d441ec837740976db1209e2089f43d7131b
0xBFfAc0D7B5AfAED417C36Ec492BEA4ec16DfC8b9,17,0x2d6301f3b5761c1d3dd2555d861b4829325a5bf24b2a6867742d15130c5b8af738ceb5975c0a38f49a5ca99609720e5373a1787ab3033395b63e0fc74daf26381b
0x8342a5Be98293EF7e4386d0CaF029d8717b8e6e4,17,0x2852f544de857a32fb98507e710e0bff12f227f520623ec4c9a490aee0f9955c081c829f779f1ed793326812f4672733769ab55eb290d15114ba66efd0a2974c1b
0xf346E4F58473163E302e5C03Fce0950638F1B511,17,0xdd372109d0f40fa22643464c09c5bd5b15bc1c8fa45e4783570c3c2bbfd7833b6914175a769b3d3621333e361df4c5bdb398eb6e0e72ca6730040e07670134fa1b
0x51F7470C1D860967dAB4FBa771Ce3C2937206427,17,0x055a14634503b25f3a332e0a25f58cfbe0ab8c156e2f7eedcbce2b30300cc18114e98093f53270cc8f057fba60b0c980b2bcc3fc711cc65b4c87d624bd8777821b
0x6bEE4079849E1993bFDaB33Ee5392AD821798618,17,0xe42f69fd2202550c1c85bd3e7794d7b407236e766e8db84b58a49e6a7a57c64553a3176a98085b46d7749ab24f5519ee099b53c939bd87bd97d4e0e773ad9a231b
0xCBC8FBE52ce2B5ba93c722b96E7c4C425622f786,17,0x9c0595c716186420b57de8d5756c36c0994418d1f06ed8e9b3c1b04fd1dbaa6b6ce5eaa805336894f1422f4b463a1fde4897af14ee118205109e21511378711e1c
0x524b309cDE3cD12aaeCaD86aBceD92BaE67521EB,17,0x06799cbb1fea935ca357d87a8410e42bf5d0187ed9f76f53f6bb4170e8dd4d6b7f463604e355183163b63f7e90ff85b4562ee298e9a3d86f97ffb37fc7b07e041b
0xa24fD4B624A9ED4729e5Ea6422e22aFA4bca8d6D,17,0x18024ffef53961e42ff61aafcb54ec203100bdf255bab94680b6ce21102ef90c6ba475c34224bdf6ede6e4239a3ed31b897fc19a5eac1103eb9ecff4a03ff1801c
0xbF15e9e1F6b73dFd3F7420cf917D8cAbfaFb569F,17,0xb5b67fd73e24b225729e53b1ac82d34239d07c1d42e2c56e56128b7711b2f7cc2d1d419f57ca70f6fc009d4a0eb1219072cfa271e7fa52554d9fd1e652bbd59e1c
0xe3Fa2cA119d6aa541ad9610798ECc2a0da7D2C71,17,0x0abb48785e44c11f82dcd1bcda7ebb734a28a1b4cb47876e487852f99f58cb7425e48b25eb9268497a9194f61482f57eab284c52b282266166d33a771fb6a7931b
0x20413792cA7EC69958B535Af3b00D4Ac422D8771,17,0x5fd7f6f17107ec35e5aacc62b97a832db101dae8901abb61a4519552086c3ce766d7de12f3248c0cc97a2df21ab8f4781c05edc04e9985dc21ef754e48c3b8801c
0xa5D0AEC7FCfEB5eF85E01ACfFf033835aC526638,17,0x535ec5f691e651c92524d3b94ef6d3d1f100787d05d6d0ac4a82b7522e62235d62c02c3bd3ada38bf29be412a11cd06a6b2fedaf7cfb846b487bddccf55888a01c
0x66E5fA562A72d8adc232BfA8eC958bf338C8f797,17,0x8ce3a63951702847b27c4160eca1262108d4202a3d9df0bd2ee40577e8a28bee3355cd2e6857a30018d6febac9dc41e4c93f6b485b7288bdcb69d827c58dd8c71c
0x1e9A8f8e29E9A929b1FBE2a54ec6769Abdefc095,17,0x2ac5ea0521f60bd5dc3529626f48de9dd4cc703b4208a229f3241e1a4360d30451df88b733d7f72d7c20aaa2151c6d5e240dda8430c9cd029f2a6aad1d649a171b
0x40A3dD3463D589b8e64168afBe08BEB03c2B4a65,17,0x226a245194eb783c3391e292f6310c244ee425ca3ae5f55b84cc3eff26eceb8c585710c6cf2d574d892d35ef484e5d9e7158fdb1e8cc9a0da4f2bea0bb1a5d331c
0x34A6f5d6ba1241c3f32bF2D88707edE1fB165CBE,17,0x2d14cb3102cbbcd31bec04f61b71e4f9d0875419216a28a9618ab6d6c6698ca6582cdf537b91ff0f94433e67c0afdb4c21b59cd2e0e507cf098a88999192e82a1b
0xa636a101fCa3d7110983e4CD032826826861cB0b,17,0xf3e4a9b10a6b1dbbe07524a2122844ac177bda926d7b4f3df2bf7852ff76e6dd388b27b3fb915cb522d2168c851ae26e4e74d75c76c0e90d41cf72dae74863951b
0x258E0ae28F70EC728A9C0D84268Ca3DD5C69Fb3C,17,0x1408ecb70c9b46d69ffb85197c5a426c10b10b4b4fb35f2f83b3da66a2158912789b88195c8749d3d1217425bda9af45488464b5d8f4ed6b90fc64e2dede1ad21c
0xfc5D38CD00752947fff4278DdeE971e685b00A16,17,0xba2a06d57499065ad7942809f378c3207a16e1794ffda7a3a2129b3723eceb11331b41e0ec9428a26c02e97ca7d4c5ccf36feda08273e3a55d935ec43fd81a0b1b
0xa33f799059807FA212C49BfED3e956A3f7157fC4,17,0x90fb98f439d7137b9f1ef0db6a1db41c8c1344ad944fe06855b039e69d25ed8a3c61bab8b7de194f164b50473b485bd6a5250c7fb6ec8698c8e564abb76b8d141c
0x6F9C1675A6fE9C56318CbF9D1129529b4251Eb5B,17,0xfcd047d2e5b40e9a42243ebb054f4bb78b8fbc2a45f9438eb1a58d3c3a1b7f8839d320ea59bfd15b74ddd76b17b43fd8a4518ff98e2b31c91fe80c2332c60f9a1c
0x8BA3320C5FaAa610413dBED7fbC1d1c2692Fedf8,17,0xfc9ab36f033e152a723f27afeaed442a570befb61b3365a132f29d208f1301636af71a40da25720765fbe7dbbdb4d72d0979e309fdfc7a9b3a424212eb45ef501b
0x5a807d9ca6E42b2A45ed9FD8085e9dF0B836993a,17,0x7674627479befc084dad4277595fac2ab8bc86779ec79d2fba5fa9f680b0878b5d9a40f1b415ed36c78c676bbaa460b067ab9a243ca1a08fa4ba974d44e054ad1b
0x9Ac9CFD0d2184E06001e98cFFDe1E57087E3dF34,17,0xbe4ed76c2f32ff06b392b494148c36f51a5568d9d68266a1a0ae0cb5b20eb87a49d982deb8178d9b312ec9ef2a83cd942f33d424011cca8d3719f3fe5a0612031c
0x4987Ebf10eBf7909362A8c812C90D1a470EaE90d,17,0x8adcdfb807ecba82e5b4982c510258b6b109b933a19422d6bf96badd43fee8690d037746694310914c1c0753525c822ccbc9cfb7103f5a2efcaebec2073ff1461c
0xa681a52CA2499eA1855F50065e38D7E903075584,17,0x533b3ad285265eae1c41a599570165e991ad476702892bed4a8317b24699362b63d93f1b97a89609ba7e76cc4abd13bcf62a900ebac9f5af548cc2dda08935001b
0x99fEae85B81E562Fe13278f47296E40065DF5401,17,0x25894c1ade152e489c475d897dc5b9601f3820a4f39fff94d131b9007cda9c5b0bf7a49ed2ab28bb7b26c353faed7160cafd14015df957a0a20abfb33f2cfb1a1b
0x435A23aE29728C48F51699DBC6313f18abd4e87E,17,0xd4fd70f00944e4c342f8751a52b0d9c50671220ec04b5dc188f1f127eca0452a1df17ed1fea78ac12253bc3767dbbf6794ca054383b0d39ca55cf9df833ca9b91c
0xd1AC98ea7f59681F425B11b8a511448a528e609c,17,0x26f8b7388acb660afc320fe28e9c3e2c39a7af99bbbc4bf5eb22af25383dbc535d1dec47799c5a77bb4337efcac88490448e2bc6b1f451f5fc8e05ea8cdcb83f1c
0xc618d85FD4812A55459dD2C6C024615E58e9888b,17,0x84d4b8c2a55e62e35a312a39a308ced553482171bd22dd370b0134050c8c49fd53ed4ffd8dc153a11f25aa093912fcac540de07b3fc67e031145bb06a7183ab91c
0xCe745839213D422DEB86aB65fFb126f2b6519fdA,17,0xfdae40edd4b6c0a25778e7d1f6af56adaeb9eee94eb08f7bb3ac8685b1450bb758689fdc9846c0d998203a6a165ec6386bc2b7415e63d5ace43f0a733ffbfb091c
0x01fF07058fF38Ab4ac36f3464839A4b8f2276f16,17,0xe79a7b112a6cdde561cb0f4427842af7cfbbec6bf12e7e448975eb9654670f83238571532bea425439e38602cc082264c56445eab4db4c6aa2dc5ecd4d03793d1c
0x1C25E7FbFB28939F96E3B50D103e0E4036a05eE9,17,0xdec1574d302441024ff2b9f21700d8e8a29b4a3dc7c65667e5fc2299735775e478432269914bfb8857a39d3728f327a62fda5bf423525c32b59290372fdd6cf01b
0x850dB02C27C2CeeD480a8C40Cd45889ee8A53a69,17,0x188e63ebc0029a901e4289633d66901f83261fb48079b6c7240c9002fb06bfb91c4e966b810937ec91db7ba232da8db1f33be4b225fae2b8084eb0154fbda3ed1b
0x28933D4cF7d69fCF24F3c818C888D2B4df6e1339,17,0xf4c35e4f571bef2bab51c40355a06874fea9be487103032fc9f2987d2164832a6d3e82249605d7901f8cbf2237c080b33325f24c26414aaaeccb7eafb6c34b1a1c
0xC340A114B0C6Ff3eBB634364cc9ddf1EF0504476,17,0x231d43e2e2de5d766ca7cdcc4044c56b7a2e68fdf681ae52794827cfd4bc82944bb8f4e945bf48c50facdbc1aa38535757273876db3e8422893673f380b2952c1c
0x68a44164a84359E191531698fd1d0DBc91ad909c,17,0x2868d3db454d77ac65180afa2ea40f8a350a3655406310023b3b80d2b3c48015567eaa7e46207d33b396af55ba0dcc9acad0e867749555fb398f2cfefefde3481c
0xc3f71D25b5b15A6BC0d1b233C23e2Ae31334fA6F,17,0xe97239a1691d115c62b79947632fc56387730b37ec2c6d4a955ad6b3480c53d74c46536d0aa6ca301c2c59e4fb0453aaf3e6ae9b41c47c2e4a839e9162b93e941c
0x87634E3d4E0798721E4FF4ea65651CcFaAc72A29,17,0x3ea3040118e88d1283ac1fadee10544d205f6eb9474cd01e4d75b15bce11e4103bbda9071712843d3dcc80191e4849edc453a1f31c5ead3595b09243961a072d1b
0x95DAF689bBF5748015950ba826D5Df01334Ff5b3,17,0x3bed1db789fb3bf8b7197d8e9fbfb906d1e0240f0291afa3e3b2ca09a5e86cb02920040a60fb812d11a205146be0c77a3b940fdb5a912d3866788ec846183e451c
0x3e0dFD11e0899A11443711638aC9304511FFC253,17,0xf9d732262ccfabad2f21db7543e97e112fc091722ec8d616e3a6aab04911fd30646196709bd57e0787cba1b2044a7fab3e49f18384a9c296c87159f0511953081c
0xC18E026a65aD4Af1cd510c4081c658eE06e66620,17,0x3b9e41c1be9abc1ab637b3628641a7c018d38556c57dde3dc1cdaec908775f9e268671fc8a6ba678b831bcad97598b1c755de5de715905ca50dd5a43c37ab5f41b
0x34a3ca9AE228059C2D70D4b1D9331B65740Eb7f7,17,0x19c4ff142a1e75966eef2f4f52750ce8187ed29cd551f6dbbda2c85a9abe646f77414c0f259ccfb3ef5a90556bef3927d5d993dac050bb4c67dd680c24964a2c1c
0xD7d0A5ec5E4fCc81C8a7632719c277cfc95D92aF,17,0x3c66e520443d6872d17aaf9c212726d8e072f375098ea00a27c35a1b4bc08f7a57c5460d5623b1b8174bb74ad032d1093a649fc42093973bbad9412b21b5360e1c
0x4020BE3BE7EB17Dfa297621853B6a086580890eC,17,0xdd86abb420a4c93adc809e34c1e5f94235c1ca030cf55ab5ed90f1991bdfbce34b60269d9a416002bb7cbeac30eb5a976b041b7be2264f427f854ca0ac6e32741c
0x984eE37ee972F042aB8516A44DA9BF3e3E50e602,17,0x22d718229afde41cc8f88c5e99bdc67c3ebe2a3a28dc06533687ce81965530430764a8117c4e3099694506a7b4e5b760ec1c4170dcc302ec4da620a1f1f05c141c
0x4d604E5b4Fc66f6d34A96D7adA89774ce32ce62A,17,0xcc6568024cb37f7667507cc822b2bbe6c726820504e3a61b93d0d374f6b32a992a6c31df619851fc74920c6da3edaa6203a466e49cdc7f5a983a062ee99430411b
0x4F1c249294F87E8Bed08e8f6052A8698A5dc2730,17,0x0a2055e81f3ea272345a4d008c04793541f587da78943600ae637efdae8cb4b46228bfd734c9df9500c53f24d26e0567cacd63f62fc8482ff0ea914b8eb9ade01b
0xD3B278037A9d574cA13F5e01f9C757938da33785,17,0xe8ae4a6f63c20647afa180a5d030cbd162c10b0c1a39b3e1b7d239ce35022341435166658550612ac4a943b3e52638096e9e16e15939c13c62c83766c8c8a8ee1b
0x85D0E0A3f749dD0667c0eb24cFB80f8Dd08b1B57,17,0x72ca72efb5942a669c99a6af4cb3f3d6a9cfdd7a7c9d334ca14c7c58d17825df2fa23c625d35ab653d9d0eabb33a5403d2808a37cd7cda8ca74c11ac3c0765131c
0xdf654F320bf0E0EB9145EF2C382cF56883AfC954,17,0x38ff408806cac0d2d339d0fef83afed4dd2b244c7ab8bd249fb86c3d3e65b0226f0824df4b58448513aa42c8bd96b0776b910f10676e2e10d5c17e126428457e1b
0xd4fB2d5deDEB72a6D09a92d949A0d7E98db99296,17,0xbc8a61f008b44194ef9d4a684cf005aa8b9f272d5908aab36913e34e980e738b5c689b26aeac4f05abe8b73871c522c124a1a7fbf2ca60b07de9f96ceccaafca1c
0xE3d943262c055Ea0D76f5A108c410b00E0B32518,17,0x301f51d2c1cdf2d5ee986289f6db17820d179e33c1ab397da80c02eb39012ff25f6482568f8ffa6155223bd043a11571f065e71891166e883992b216b1168c1d1b
0x0aDe3EA75E01C66956495F14071Fd83cB3268147,17,0x54f37b050f7c5816473726079a6ba463c5f8a89ebeba0b71fca6f09bdb94158c10a4aaaaf9454e7e1bb7569d4bbd98e994f028a88efa1558beafa604208715c61b
0x6a89560c4acD7100a8BF099819d213261865A346,17,0x99d36de5ba47999e76227d1abe9c3ce9f6bdc0dadc3aecb184ede1cb3db8b1ae6f19663c476d63c50a6aa752d6ccafb40f54a3615fe23dd2347b9d85bb2392cf1c
0xFEfBDD71f3A16A251D08AC1498d3224964A65aaE,17,0xe989b5b4740e0b45d26ffb31e30bd67d41708084cb11911474c3a82dc639324d22c13cd5e865be22b1db58b4d94125b9233620781d2943f4b3071af20f984fec1c
0x4fbEea46902415Db3C417686fC7EA1371fafB57D,17,0x92230cabe0142f438247814525c743482bad5b8d384a1e877d596e588aabbe65045067a3d761f4f37f1b45b50eccaca01a1598aac639dcc48cbb19c786b3acb71b
0x5003d5535766Da0d082e9927F96555D7A355Ac0C,17,0x7e299e7e8e6f9a197d90cefd415312e6a2c1f691303ef22c26f275416755b211622312a062b6c2849b530f1a987090ae1579102d6daf94c6fc44a7ee131277271c
0x11A6575adD00805d325EB531E6F0eDAD254a2D23,17,0xb15ec830b411148fb2a7baddd8a02918f94dd1c2ab52d101a6ec23c51a1b8b9056f43ba92ef801da0393ae38041d553f5e09cd93b34a97ecb66a5804762b11a01c
0x3F55aa6b2Cc935E2C60Cb67903bfB392FB53341D,17,0x66ef5e8eefcfaa40a3b613bcd826a1b73e743af28ce5c597c5bfc97ee5664caa4875bb289ccc05dc26b2622d9f73acaba1bcac98b8241b8141cd889dd279889f1c
0xd8617445e025F95213c8FC11E8Da204C78cf40fD,17,0x7268b0c16c0c92270bfe4c0e81df239aae2a9c472ae9ea047e81e8da317ac1cf0a7ea9b99e11d3a7a5156f6298727338acc5396e180a9d366c1b51301140ac611c
0x3718a9f274581567b92B7495fb94F9927b13bFe0,17,0xfe71d50ec84350369bc9cc092e8986861fe0b132f6bfb106324063620cf5bbc9458afa379196c7144a2c0563663990fc6ae8991d384827e6160ccc74091667551c
0x1e20C2Cb36E19F2B85E96F42c8147eD984922884,17,0x57f5e71e56aa50fe13778e31fc9ef7bf8da2a09a1b96b3d4e9998f8e8cf0874d25da54525570e19c3bc10a52a8fb87d732ac06b4a4d5f661e6dd7b60b561cf5f1b
0x359973246B69d8b3F3451c3f0b04987d4d8f1D9B,17,0x1d3f33fb3fe2a0863a3d82d6cb026608d539906d2e695cb6e508eb8d16e14387490e1f3612f939d8417143c838a08921a24f46b73f1753d0c5b614c7d4c892731b
0x652A2A29eA3Dc86791D6327265AB86540b83F07A,17,0xb864f05034c953c52db6f58d13f9cb854abe15dd9d11be5b047ba706077e62905d9cfda28fdb3ab0be4a8b6bafa760fdbdfd14cd6c3c22d57c8ff1ad469e8b9b1c
0xCf75114C803B0b424843a83014EB428E786DE3a5,17,0x99f18c753803847e630acbe8bbe64d81945b87e77329699794e121fbce607779453a86b2b3a35b4b50738e71abe1cbaa2c49a76eb6dca3514479f831b1ccbda61c
0xe5420314a147D010571D653CA6621FD6231912f4,17,0xc93c35c667a34dbdee74ca246e662ee6dc97839f87dab5e2e5c462bee6ce39c04471538a196d72ac7241afe68eae7a6624121e3d72667688132ba4d900e2696b1c
0x50d3DAa72569Ed15e65f6FDBC5d848Ede88176Ec,17,0x3300fd841bd364242fe1b2e8bf800f124dab0b739bfafb3e2134ff86dd1344284b2f5dff7d669b3e56bb81c7f0fe846b953441391f651d0519936551215b75491c
0x3cB5AEa8dF46f3B3742f8a56743b8EAA635Cd0e3,17,0x86a7d9ecdf54ff241d1f1d14d07985cfa5db1fd63cfa21b8c129862ff262f6d44b0debb2fcfcb1e70a05bb0914b782fd8d298f8e9314c6b131546a11f06aa4741b
0xA791EdAbfCa7CEC2fFEacB5D27B738492fa1AB6d,17,0xee23ed47f7f15fbcf14fd75da50533771a7f46fd913fd520c6ebc0f7ac1a10b76994f6b23b8849368e374710f7701ae4317e4a0d01d64706ef8ae9375851f62b1b
0x86f2db3DEbe0809040ca1EF33f16C583dc79E7f6,17,0x8095b784cd429a8c208971ffd402a81a463d775cd3d54709df17a753058e79be5145a2fea77e83941aa79a49209dd3105b7c3f8ea383b6e9147cf03670e6f17c1b
0x86A53B0E52FA7A64894b22CA940b5748170519DF,17,0xcd369f733e9c9bcddffe11b626898d7bd15644f66830dfe6e0ddc4b24cc0aae132e530c0bdfad20fd308f8723239a06ab755f2c7aa9220272d383df680bd977e1c
0x7D84C78B826F571381B95204e69469836eE759f2,17,0x06fec7fb050f092b99ae2944cdba947d3bc557e3d148bf4f4dffa73963030e107b3fc10b9be635014f374401cc973d7d4ef6b706b189e5dfac71c0616ed008921b
0x7344671956A7C70B587C4Ff4438d0984501EC43E,17,0xd4c705f4b30007090922afdb87b700f4301d9a4df775a000037fa6472d544e023b0e39ceae041f7e34e30aeb3e728ea759d67e77839805560930ca1cc22aafd31c
0xbE81585edDC417eC4F858d8F7cFE2f04D4A9F1D4,17,0x84e2919f9c9d5d8aeede5f5c84616b52630f345d451c34892d2eca4451fe7025116a117fb2d70f8fc4d3c9a3c5ae7b478e22547290595f44eae42df0c8ea8c671c
0xa738E4623d48B0b244Fd461D9Ad3Ed0b639Eb216,17,0x11d5c5eb0bfa868d23eeae8bee1ab9b6a6ffe003e0d4d72ddf39c86729aa170e01ec94c2c81170c491e03c61c2653b2b2a605dbb22b33f69683057e9d370c1611b
0xCF26dff751c89Ccad7A9b54A78758d9AEB7144C0,16,0x5bee1076e941b96af89ab3daf5efb083ee2b4a81197eaf4c438e6010c2cd49091f0198a488954c0b492d4c4ac632caa40b8c59417231c577307e769858bd91581c
0xf346E4F58473163E302e5C03Fce0950638F1B511,16,0xa9e061a73a198e80a59465fdc81548837ffa540675f22d8afd54b43abaeb67f6440eecef91c82f7538f12b6aeff8f8ec79c9c39e797a76dcfa14897c27b47eef1b
0x5B6AaFDDE4C6c7d0D8F470360F028e3E00Ce7aBa,16,0x3a9efee7db49cda7ef17e144bdb7f2bb341074f42c7e92ac5dec5c69c05802a20f8de6ac3296c7556f134fcc956b6a834b696da50caf952dca979e0e07f1508f1c
0x9D9F83e77cad7a524830fb2Ee27b97C5E5CafF6d,16,0xb1dd058efc0c2277829e4b1acb1ab2dc12b9b014e3965d78faa5c29a26a63b3667aaddd1cc6eaa32cedc248f95412111ba1e13aaf337354633c9374a6e399bd81c
0x9064ABE13d219fF7482f1a434eaC8A8c8C9bcF30,16,0x360b5a617a22b41af49f4d5b449baccf0bf934887da6182edf7a967ff15d67561c93825da2e7fc8a6bca83acbe00debc985eca115be53bd6d8a954b26ec221961c
0x09e1ac8489C9Fd339eAEfDc5Ce8651EE22cdB7fC,16,0x731d728115b5fce9bc49234936c3d64ba453c00d15566833003be769d9a7dc81151a6c7cd1e3bd1f52f10736a733f73b669f1cdadfc34face4bd12aaa45cbd051c
0xa740A5Faa8C82e46372919F7De34Fe68C66e6DEf,16,0xb38527555d90968b0bbac2214282397f516a33061b251ba596ea7d963b7bfd06082f5052b0c078c1085d37fb87adf44e76f7974ef985570ccb20d252162a80211c
0x447a24d43E2A06DAb0528B550B5c088559fE10a2,16,0xa13a6b9cdf1fad1b20781da8f6d1ddad32e512ed458ccf8266d469c9b985bcac54ae9e142028dd7fecc7094a9d18fa00b89703fab5f4f77f9ba047391a7c86851c
0x239BE86eb7824807e15f412596811B210c09Fe70,16,0xf84cca218215c83b9c3ab7b414df5ba1396196ddedee0b34f1dda9b3a9eb257636b2dea443e0aacfd6bbd0ca0aee7b2fac8b9dab1b95c2a3d6dcabc455cc72151b
0x9a8b3Cd3043c6B9bD90AfF51cF04D4442F550A99,16,0x27370ac004b2cdca6d7c0549b325f9ee25fd2635303a30703e81c83573af04dd0cf5d85d5f0f935d5964e50fb22cdbc51639d6b939dc38a2a8b2a4733498c7881b
0x25415672eA01F510f1134A18AF779AdE587223F0,16,0x08767706f68ff027ce0822c00065d67e28a91244d444dbbe425395a5be09cb556c8c9ef45633630980dca12dc41ab2ca14ed236d60fa7212cacc3d783cc68f411c
0xcA02E986775b42e8CCf3C7C72aa0E9516534d777,16,0xeaf0b75e33ccd874fe94e1dc192e469f157c9866770f7e47682d4c195b3da8976b5e99c81269d39edacdaf2863d23c3c128952ad5851a0c9688f3a838ecee4731c
0x81c6a387487EF9eB3eb5B3503C9B6405449e5D3c,16,0x96242b83e17d4d993b2668414005a8df696fe15e9cd8d547ac1f87142d9e53e1341760d019bdf36b211e8158d00810a80d4303f69e331f6eb5ccdff3f27a3e141b
0x95DAF689bBF5748015950ba826D5Df01334Ff5b3,16,0x6987a616a265bf5b98e8303c8bb738e0504a6ddfc81d5788c4c620598423673f3e42f6893f003cff108cdbf647889a80b88452905fefc359ad452c726279bf411c
0x97f88c8d342989b8Ad169d47a31a47da4004F48C,16,0xca3a66b97252898284e6cfd9db9d5a9af946df4d721f7f95e38d1835726c2d966ae10a28b0110bcd233cd6c91e3953c8928d89f8f527a9e008e0d05f7408d6491b
0x6D7E44513A1Ab97D32853691eC4333C1B5Cb1470,16,0xbb7708d6bb1e27c3898abf35ebbb54606b1decf2d9ea2feed0c75561bfde09372ec8afd37568471ec908f64b216d9bdbef3f2af4ff6ca090b477bc394a931d681b
0xbB9d024E14fD10f44777011F24aE3D68eA2B3D71,16,0xd3e0fad317657977ec930422d51b092ad8174448c527ad256fb578f1afefd9b3110c5b87c23d4d5b083aa1913fca76367cb71289d92944ac06a661b630499ef01b
0x0Fc4cA19EeDF17ef17469b1AADc3222b9DaD628A,16,0xe4a8f7edd82ea5ab42c50fff3a3042506d7b254ecd4421c6423f20ef250d11c316cddc1650d28b107827c55b1909d2c3ef0072a982f0f004eb773812671364eb1c
0x94bc6Da25B75994f6F10eF8B467c76044eB22831,16,0x57829529348f7d8150a21ce9ddaf6879609935185162ea9a170dc4c57c8d29ea7f83ed1adf7bd2dddce867889bc1303c3b9a8ce2caeb0a2952faf8155e69179a1b
0x8e8B8F4Fcba4090913FB09c4875e64EfD7F9363b,16,0x4b1a3fc4d541c29befbbbc048ef301d93e5a6a52120f866c48c98b3c3e8a69e6639c9ad8b9838a2255b530e417532bb82e1ad8a99cb067669fe7115fbeafafd91c
0x05172e1d2115853CC9F0005Db20828681F2F444B,16,0x0233bbda7dd6fa6f715e803e7c20048f05f965cbecf5bca5e510fa84fb74d738697beb5782d7c6e1ac39a35f927f342170a5efee34a984a8cf2f76f74a94cb591b
0xA883103878f13d4E588B309c841f73b8DE5CFC38,16,0x4f0c9aac9c2a0abed1616947aea94ff0bfbeaa3baec869aa27a9cac85afc28312d295f34eecf70a7baea7bdd7b4cccae5b577cdb3c6809f9003ee8149c4fcbcd1b
0x3586fba5019aA04a5b49324e7070d42E08054a04,16,0xa9907d6a717d92dd6b81201f157121bc91051e8c703bc774afe9ef2ad8e7e2a04ee9eb17b90886cc24dceb5cfc8db930db9ce3fab5f78b096ad0ac2a8912fb9e1c
0x08aA0D6EcECD535b031906584EcF6C2a250C71f2,16,0x039d0facf0591ced131cd5d8ca3e6353e6661bb019d0660a9fdc3ca0b141673609e5d2c7968252fcd7496889f6cbcbee3629be373ea5f85b9698e3f4ca2a11561b
0xC6D04Fb626eF396Dfdb3f33bb05fd0DEA7f25a03,16,0xa7dc14671af4df776efd351a8a51408e01370e64c0b37e84ff7092d8fa204b837b11fa99cefb1f8e244e708fb84ede932ea5578f0f49ec844870e85578eddbde1c
0x413eE671f3351f54CDeC60BFabfFca7E7E5A32f7,16,0xcdf37c72a8262fec9b4b76060f5c7b53294c9793a25ad9382fe900335626b2820c108112905586ef6e6a89609c15d9e91030fc79865f4958094c407f1693c8161c
0x2C725f5A937Ae1A26bfdE8d2E69D51e4CaaA58D4,16,0x016673982b8f44802064b3832963cc72ee1de95cc208a5fc907db6af2a5b547557ec2e9612c0728262206ba656aeba0fa9e8be842f57abcf02d39a335acbfa761c
0x288Eece95840f3fFDA38D4B2138B4BCAEA9CB462,16,0xae03d6cb35f67971959e9a7a9b1b88b0bde913e1ee8558b2c2c1a7c73ec9bcf3640ddf90e3cb2abb9f1974a44788668fb2f9c9314781819b850a4141527f3e8e1c
0x6155B70A1BF33B7235D9CCC0f6Ea161C0D8CE12a,16,0xaea56feb1640bfe1014cc6b91a0e8266c42b3fd9c8aa01205b3bb5e495692e336263cbd9a5895b20ee9d399f5580228fad57cfa5c73ad62d46411d00118cc4f91b
0x3ebbCF2580f3159e0C82bc147E3e7DB3fE65C928,16,0xc5c5ab75e7049c63ede6c78256813a4b733bad45928684882b478321f0571e1f378492c6dc55ee57123d5090941fb58bd4d89669b47d53e4fe32db83489d20a31b
0xE695AD4a8f0dC8f12d220f810D377E26E8B40e2B,16,0x421bab53260aa9be7715940f73389a7df429447198507a52cdce35b8623455b24c37c827f11e3759305cad8b4bd117dadf6be842d394b86ef9f102ec0ad4699c1c
0x253FfC0E96b75d536F3145f699D59D3bb3EC62f7,16,0xc97d736d64049e79948023b43f87f4c98c10fad3434ab9f0c4a16fc7362d4f042e1ab75cb822b2eee6a5ffc110d8db079ef4f025d078abd20cca95e8c49f02651c
0x1C0AFc003BEb92155634E19B42Fe257DF03Efc99,16,0x4743688c3b54f44fd73cb08356091feed26af2fd4d6dc10d390d39377549b3226033d016aa9b2da8f49cd5d34160a0c9a493d805ff063a09023326857df591611c
0x0612C6ed70a100BDC05284A226DC475c3e43515d,16,0xf69bc5d629107e4ac3275b94cb4ec176b7890955277aa8a0e3fa6966c78c9b4404da6c45cd702922e708b29ae35410b0b19a4f9a426cb4dc1232a187c91b39f61b
0xE32C3FE46D2F9844f10aFA4fb3FF7D825E3FA414,16,0x07880467d63da5f9eb51ccfe20fb2af6d5d2e8822af349679da3f9f04e0e55d40fa4b41a39db8c7e591528a4aec73093f40f303bd4389ad29678b265f8cfd0941c
0xA0Aa5f9DA58b0551899b90d603f5427aaB3C0A13,16,0x2cd03e9ad92c5c02780d370e3cb8c823ca70599e077309becb4e0518418766ad2386a49f6354ac53daee08535c83e64ca7b777283e61a48c457babe4576f28041c
0x1e3C82729254D6C2A1dCcCfDdd691A2C6fd3fd00,16,0x60cacb35feb59a8c2070029500486a6b116086b5aabe8108b48c80dcf90ed1d96ee219f2bcf0192a77d96c94f029da29d725e9164ea18c6d133437721caf2e5b1c
0x120d177D2f533137E98B546d7153F5Cb0187b7F8,16,0x63520f1c77ddb695769973794349348dfa5a8b1c23d316c8ff3f097e8bb475f10c22d35766265501af389331980cf9a8e8f187192e54bf0af91ec0817ee31a821c
0x01Bf343Fb2670b5196b23630045765991d474611,16,0x979235c734ca52e93a5fa9ecb516592fa9ffd2de9f8bc78e49179941be0705931798c147e5b42668dabfd337d82af1066af8c632d1ca70401b6972264bf46eee1b
0xC8fc54C611649f6F2bA1499e1e188891A5e15736,16,0x30be7dd9d6734f3a6fd221680b491df836cf2db030afbfa791043862a01ed98675c69a87b6d8d55101722f5310d15468ece064444cbd3cb319f81dc082a187e11b
